<<<  Newton-Raphson Method  >>>
i			xn1			|f(xn1)|
0			3.0000000000e+00		9.8612288668e-02
1			3.0591673732e+00		3.6927457761e-03
2			3.0571060547e+00		4.4761505977e-06
3			3.0571035500e+00		6.6098237994e-12
<<<  Secant Method  >>>
i			xn1			|f(xn1)|
0			2.0000000000e+00		6.9314718056e-01
1			4.0000000000e+00		2.6137056389e+00
2			2.4192186459e+00		7.0770034137e-01
3			2.7560397122e+00		4.4219871598e-01
4			3.3170225040e+00		5.3548073166e-01
5			3.0097689594e+00		8.2229966821e-02
6			3.0506707097e+00		1.1452530996e-02
7			3.0572890417e+00		3.3152841948e-04
8			3.0571028439e+00		1.2618098428e-06
9			3.0571035499e+00		1.3796119802e-10
<<<  Newton-Raphson Method  >>>
i			xn1			|f(xn1)|
0			7.5000000000e-01		3.3578643763e-01
1			6.8830724610e-01		2.8191260956e-02
2			6.8204806909e-01		3.2235691644e-04
3			6.8197481886e-01		4.4531198284e-08
<<<  Secant Method  >>>
i			xn1			|f(xn1)|
0			5.0000000000e-01		5.0000000000e-01
1			1.0000000000e+00		2.0000000000e+00
2			6.0000000000e-01		3.0211303259e-01
3			6.5249317098e-01		1.2235350222e-01
4			6.8822269975e-01		2.7810523743e-02
5			6.8160555625e-01		1.6234116577e-03
6			6.8197052097e-01		1.8864101342e-05
7			6.8197481173e-01		1.3154060508e-08
<<<  Newton-Raphson Method  >>>
i			xn1			|f(xn1)|
0			1.4000000000e+00		1.3680000000e+00
1			5.8279569892e-01		8.6755039805e+00
2			8.9708121833e-01		2.2254034169e+00
3			1.0533990122e+00		4.0173282065e-01
4			1.0967362516e+00		2.6206302763e-02
5			1.0999823812e+00		1.4070775234e-04
6			1.0999999995e+00		4.1315360022e-09
<<<  Newton-Raphson Method  >>>
i			xn1			|f(xn1)|
0			2.3000000000e+00		2.5200000000e-01
1			2.1931297710e+00		1.8344946042e-02
2			2.1999792113e+00		5.5339956809e-05
3			2.1999999998e+00		5.2289550467e-10
<<<  Newton-Raphson Method  >>>
i			xn1			|f(xn1)|
0			3.7000000000e+00		1.0920000000e+00
1			3.2289042278e+00		1.8237582313e-01
2			3.3031003014e+00		8.2645671652e-03
3			3.3000043076e+00		1.1466942986e-05
4			3.3000000000e+00		2.2531310151e-11
<<<  Newton-Raphson Method  >>>
i			xn1			|f(xn1)|
0			4.5000000000e+00		9.3840000000e-01
1			4.4135115207e+00		1.1034920749e-01
2			4.4002949408e+00		2.3565552685e-03
3			4.4000001449e+00		1.1570393283e-06
4			4.4000000000e+00		6.3948846218e-14
<<<  Newton-Raphson Method  >>>
i			xn1			|f(xn1)|
0			2.8000000000e+00		2.9619417181e-02
1			2.7170656319e+00		4.4751383254e-04
2			2.7182815563e+00		1.0010445084e-07
<<<  Single Newton-Raphson Method  >>>
i			xn1			|f(xn1)|
0			2.7999999523e+00		2.9619399458e-02
1			2.7170655727e+00		4.4753559632e-04
2			2.7182815075e+00		1.1807716049e-07
<<<  Bisection Method  >>>
i			xn1			|f(xn1)|
0			2.0000000000e+00		6.9314718056e-01
1			3.0000000000e+00		9.8612288668e-02
2			3.5000000000e+00		9.9723703150e-01
3			3.2500000000e+00		3.8384500366e-01
4			3.1250000000e+00		1.2619071681e-01
5			3.0625000000e+00		9.6746741292e-03
6			3.0312500000e+00		4.5498513204e-02
7			3.0468750000e+00		1.8169209579e-02
8			3.0546875000e+00		4.3115734095e-03
9			3.0585937500e+00		2.6654760278e-03
10			3.0566406250e+00		8.2706753436e-04
11			3.0576171875e+00		9.1819956846e-04
12			3.0571289062e+00		4.5314843409e-05
13			3.0568847656e+00		3.9093913939e-04
14			3.0570068359e+00		1.7282784641e-04
15			3.0570678711e+00		6.3760426096e-05
16			3.0570983887e+00		9.2237724911e-06
17			3.0571136475e+00		1.8045290172e-05
18			3.0571060181e+00		4.4106975188e-06
<<<  Newton-Raphson Method  >>>
i			xn1			|f(xn1)|
0			3.3000000000e+01		2.5411305812e-02
1			3.2999514522e+01		2.4967797460e-02
2			3.2999037512e+01		2.4532029699e-02
3			3.2998568822e+01		2.4103867434e-02
4			3.2998108307e+01		2.3683177926e-02
5			3.2997655824e+01		2.3269830754e-02
6			3.2997211234e+01		2.2863697773e-02
7			3.2996774399e+01		2.2464653075e-02
8			3.2996345183e+01		2.2072572948e-02
9			3.2995923454e+01		2.1687335839e-02
10			3.2995509081e+01		2.1308822319e-02
11			3.2995101936e+01		2.0936915040e-02
12			3.2994701894e+01		2.0571498705e-02
13			3.2994308829e+01		2.0212460026e-02
14			3.2993922621e+01		1.9859687696e-02
15			3.2993543150e+01		1.9513072348e-02
16			3.2993170299e+01		1.9172506523e-02
17			3.2992803952e+01		1.8837884641e-02
18			3.2992443996e+01		1.8509102961e-02
19			3.2992090319e+01		1.8186059554e-02
20			3.2991742811e+01		1.7868654271e-02
21			3.2991401366e+01		1.7556788709e-02
22			3.2991065878e+01		1.7250366183e-02
23			3.2990736242e+01		1.6949291696e-02
24			3.2990412357e+01		1.6653471909e-02
25			3.2990094122e+01		1.6362815111e-02
26			3.2989781439e+01		1.6077231193e-02
27			3.2989474211e+01		1.5796631616e-02
28			3.2989172343e+01		1.5520929391e-02
29			3.2988875742e+01		1.5250039042e-02
30			3.2988584314e+01		1.4983876588e-02
31			3.2988297972e+01		1.4722359512e-02
32			3.2988016625e+01		1.4465406740e-02
33			3.2987740186e+01		1.4212938609e-02
34			3.2987468570e+01		1.3964876849e-02
35			3.2987201693e+01		1.3721144555e-02
36			3.2986939473e+01		1.3481666165e-02
37			3.2986681827e+01		1.3246367436e-02
38			3.2986428677e+01		1.3015175418e-02
39			3.2986179943e+01		1.2788018438e-02
40			3.2985935549e+01		1.2564826071e-02
41			3.2985695419e+01		1.2345529124e-02
42			3.2985459478e+01		1.2130059608e-02
43			3.2985227655e+01		1.1918350723e-02
44			3.2984999876e+01		1.1710336835e-02
45			3.2984776071e+01		1.1505953454e-02
46			3.2984556171e+01		1.1305137217e-02
47			3.2984340109e+01		1.1107825866e-02
48			3.2984127816e+01		1.0913958230e-02
49			3.2983919227e+01		1.0723474206e-02
50			3.2983714277e+01		1.0536314738e-02
