150 0.006711
0.000000 0.055293
0.006711 0.082739
0.013423 0.122087
0.020134 0.166583
0.026846 0.209469
0.033557 0.291946
0.040268 0.386734
0.046980 0.439978
0.053691 0.497049
0.060403 0.592700
0.067114 0.739276
0.073826 0.867480
0.080537 0.985618
0.087248 1.112588
0.093960 1.219998
0.100671 1.313331
0.107383 1.404972
0.114094 1.480847
0.120805 1.548191
0.127517 1.588311
0.134228 1.612701
0.140940 1.622828
0.147651 1.633120
0.154362 1.643405
0.161074 1.653509
0.167785 1.663257
0.174497 1.672476
0.181208 1.680993
0.187919 1.688633
0.194631 1.695223
0.201342 1.700590
0.208054 1.707252
0.214765 1.711995
0.221477 1.712680
0.228188 1.709209
0.234899 1.701483
0.241611 1.687444
0.248322 1.665838
0.255034 1.639582
0.261745 1.611433
0.268456 1.578735
0.275168 1.532341
0.281879 1.479878
0.288591 1.416013
0.295302 1.342427
0.302013 1.267697
0.308725 1.221531
0.315436 1.172856
0.322148 1.124343
0.328859 1.078665
0.335570 1.041592
0.342282 1.011903
0.348993 0.983892
0.355705 0.957725
0.362416 0.933571
0.369128 0.911594
0.375839 0.894655
0.382550 0.882408
0.389262 0.871150
0.395973 0.860864
0.402685 0.851533
0.409396 0.843139
0.416107 0.835666
0.422819 0.829095
0.429530 0.823410
0.436242 0.819081
0.442953 0.815322
0.449664 0.811829
0.456376 0.808749
0.463087 0.806225
0.469799 0.804402
0.476510 0.803426
0.483221 0.803441
0.489933 0.804591
0.496644 0.807023
0.503356 0.810880
0.510067 0.816750
0.516779 0.825405
0.523490 0.836225
0.530201 0.848802
0.536913 0.862729
0.543624 0.877598
0.550336 0.893003
0.557047 0.908536
0.563758 0.923789
0.570470 0.938355
0.577181 0.957967
0.583893 0.981471
0.590604 1.005158
0.597315 1.029221
0.604027 1.053849
0.610738 1.079233
0.617450 1.098871
0.624161 1.119384
0.630872 1.140895
0.637584 1.162598
0.644295 1.183685
0.651007 1.203351
0.657718 1.220789
0.664430 1.235194
0.671141 1.245588
0.677852 1.254006
0.684564 1.261086
0.691275 1.266699
0.697987 1.270713
0.704698 1.272998
0.711409 1.273424
0.718121 1.271859
0.724832 1.268172
0.731544 1.262108
0.738255 1.252612
0.744966 1.240053
0.751678 1.224948
0.758389 1.207815
0.765101 1.189171
0.771812 1.169531
0.778523 1.149415
0.785235 1.129338
0.791946 1.107844
0.798658 1.082351
0.805369 1.055324
0.812081 1.027318
0.818792 0.998888
0.825503 0.970589
0.832215 0.942978
0.838926 0.914612
0.845638 0.876787
0.852349 0.840834
0.859060 0.804429
0.865772 0.765250
0.872483 0.721875
0.879195 0.673095
0.885906 0.621169
0.892617 0.570148
0.899329 0.524078
0.906040 0.480018
0.912752 0.440508
0.919463 0.407087
0.926174 0.374571
0.932886 0.342542
0.939597 0.311619
0.946309 0.282606
0.953020 0.256473
0.959732 0.230767
0.966443 0.208708
0.973154 0.188755
0.979866 0.160607
0.986577 0.131539
0.993289 0.101898
1.000000 0.078990
