150
0.291323798643134
0.400230766732420
0.602216847684758
0.701032026663597
0.269785368356679
0.399412544800725
0.120276498339081
0.191761913541995
0.470593615093094
0.788182533775398
0.677298893693660
0.399879966971639
0.249281962220266
0.511483630492876
0.939482777510420
0.164382344220940
0.640391305649246
0.622899103116652
0.229279782557569
0.130877879353648
0.206829739901877
0.223373721695680
0.154995330849488
0.152194256901566
0.158880517039506
0.530693595974299
0.308692804355815
0.344089382087986
0.809174494657782
0.943097624651273
0.271191400395765
0.200193465432676
0.828812877552991
0.445236465726339
0.197190764411062
0.571589746883546
0.100634252921736
0.538388450884668
0.068220098408347
0.386244482222537
0.404456830532581
0.350547948124586
0.860485375291319
0.443763199778914
0.754677934040956
0.360882192726422
0.522259776356805
0.255586972409219
0.112290114768257
0.090993396610429
0.180614944147237
0.160152346863470
0.668079572758870
0.799638014279481
0.915595952457807
0.096586530788045
0.576438425334345
0.777533515843970
0.117067139719438
0.166852062779071
0.794491748594737
0.215663952796604
0.109451577307482
0.350037131946010
0.112973029012210
0.201663823412673
0.723434522027674
0.222030300174083
0.672099105875532
0.055371655842464
0.345187111677660
0.782687855586119
0.606482778843201
0.218058520382328
0.207474388203991
0.382038708557957
0.311583332608279
0.177456866957073
0.579457042309514
0.239331231226970
0.412034012922959
0.303211597383779
0.185724194139766
0.135292547471181
0.122275565787277
0.790152548630431
0.746932802147057
0.911251039498893
0.881762633689505
0.758720417994482
0.843400345576811
0.265299601836887
0.045830010756617
0.076451155015093
0.696624859214353
0.059547735909291
0.772704341805365
0.554451114345284
0.280428958147240
0.044180281940498
0.609569844811631
0.619205013848841
0.279159055229684
0.293580517994997
0.245088891962951
0.230861466283386
0.415254400380945
0.928795900348632
0.719497580001189
0.697884428962425
0.126796440534235
0.193592653056839
0.189219276850054
0.667434591952770
0.542409348454385
0.867713598570845
0.846811063551286
0.660544632715755
0.185427628173784
0.196483628918941
0.224016420448606
0.772704341805365
0.146140854943951
0.069514157898084
0.453734190516116
0.964796852451400
0.685092976629676
0.456948130253295
0.695206949581916
0.069258625713701
0.291107540899247
0.698278898322314
0.445113640569616
0.175845128404035
0.188805003672314
0.161121368619206
0.122468175155518
0.622719771585253
0.591909734277579
0.806495159253245
0.779621828995005
0.101770114655665
0.322610513896507
0.799545300717000
0.598758175052353
0.377419282209303
0.466491976803809
0.725957867536636
0.361201846251788
0.160333916552190
