150 0.006711
0.000000 0.017103
0.006711 0.071424
0.013423 0.142197
0.020134 0.213344
0.026846 0.298556
0.033557 0.404891
0.040268 0.492673
0.046980 0.577315
0.053691 0.672261
0.060403 0.778184
0.067114 0.862048
0.073826 0.949520
0.080537 1.047254
0.087248 1.149118
0.093960 1.233098
0.100671 1.317339
0.107383 1.377869
0.114094 1.410823
0.120805 1.439400
0.127517 1.487938
0.134228 1.545434
0.140940 1.585297
0.147651 1.619833
0.154362 1.655348
0.161074 1.688141
0.167785 1.714915
0.174497 1.742252
0.181208 1.760095
0.187919 1.771145
0.194631 1.775128
0.201342 1.774859
0.208054 1.771843
0.214765 1.767387
0.221477 1.762342
0.228188 1.756647
0.234899 1.748046
0.241611 1.733563
0.248322 1.713816
0.255034 1.689219
0.261745 1.661008
0.268456 1.630752
0.275168 1.589391
0.281879 1.539727
0.288591 1.484164
0.295302 1.345298
0.302013 1.228853
0.308725 1.151185
0.315436 1.052512
0.322148 0.937767
0.328859 0.815951
0.335570 0.727576
0.342282 0.643318
0.348993 0.550414
0.355705 0.474152
0.362416 0.433158
0.369128 0.406056
0.375839 0.385351
0.382550 0.361851
0.389262 0.346422
0.395973 0.329038
0.402685 0.311083
0.409396 0.293945
0.416107 0.279009
0.422819 0.267617
0.429530 0.257689
0.436242 0.248917
0.442953 0.241191
0.449664 0.234402
0.456376 0.228398
0.463087 0.222526
0.469799 0.217253
0.476510 0.213207
0.483221 0.211020
0.489933 0.211322
0.496644 0.215195
0.503356 0.223061
0.510067 0.233558
0.516779 0.245323
0.523490 0.256997
0.530201 0.269766
0.536913 0.283356
0.543624 0.298067
0.550336 0.314935
0.557047 0.342628
0.563758 0.379280
0.570470 0.430165
0.577181 0.486992
0.583893 0.551978
0.590604 0.618650
0.597315 0.682061
0.604027 0.749524
0.610738 0.815159
0.617450 0.885529
0.624161 0.983196
0.630872 1.082402
0.637584 1.191226
0.644295 1.285756
0.651007 1.377295
0.657718 1.447686
0.664430 1.509268
0.671141 1.565521
0.677852 1.605553
0.684564 1.644912
0.691275 1.680659
0.697987 1.709919
0.704698 1.732402
0.711409 1.749855
0.718121 1.763834
0.724832 1.774835
0.731544 1.783754
0.738255 1.791900
0.744966 1.797761
0.751678 1.799823
0.758389 1.796575
0.765101 1.792256
0.771812 1.786995
0.778523 1.780525
0.785235 1.772987
0.791946 1.764523
0.798658 1.755274
0.805369 1.745380
0.812081 1.734982
0.818792 1.724221
0.825503 1.713238
0.832215 1.702174
0.838926 1.681217
0.845638 1.602849
0.852349 1.529183
0.859060 1.461181
0.865772 1.403188
0.872483 1.332961
0.879195 1.268740
0.885906 1.166226
0.892617 0.948621
0.899329 0.785681
0.906040 0.657524
0.912752 0.549098
0.919463 0.478707
0.926174 0.413836
0.932886 0.358769
0.939597 0.308414
0.946309 0.269217
0.953020 0.235439
0.959732 0.203241
0.966443 0.179141
0.973154 0.154019
0.979866 0.130011
0.986577 0.109258
0.993289 0.076566
1.000000 0.054729
