150 3.845638
4.000000 5.000000
7.845637 20.880726
11.691275 41.571201
15.536913 62.371197
19.382549 87.282852
23.228188 118.369934
27.073826 144.032944
30.919462 168.778290
34.765099 196.535645
38.610737 227.502228
42.456375 252.019913
46.302013 277.592224
50.147652 306.164795
53.993290 335.944885
57.838924 360.496399
61.684563 385.124451
65.530197 402.820221
69.375839 412.454285
73.221474 420.808838
77.067116 434.998993
80.912750 451.807983
84.758392 463.461792
88.604027 473.558380
92.449661 483.941376
96.295303 493.528351
100.140938 501.355804
103.986580 509.347809
107.832214 514.564087
111.677849 517.794617
115.523491 518.959045
119.369125 518.880493
123.214767 517.998779
127.060402 516.695923
130.906036 515.221069
134.751678 513.555969
138.597321 511.041595
142.442947 506.807526
146.288589 501.034424
150.134232 493.843414
153.979858 485.596069
157.825500 476.750549
161.671143 464.658813
165.516785 450.139435
169.362411 433.895569
173.208054 393.298157
177.053696 359.255402
180.899323 336.549164
184.744965 307.702026
188.590607 274.156281
192.436234 238.543335
196.281876 212.706879
200.127518 188.074188
203.973160 160.913544
207.818787 138.618393
211.664429 126.633804
215.510071 118.710426
219.355698 112.657532
223.201340 105.787231
227.046982 101.276627
230.892609 96.194191
234.738251 90.945168
238.583893 85.934761
242.429535 81.568192
246.275162 78.237770
250.120804 75.335434
253.966446 72.770988
257.812073 70.512375
261.657715 68.527550
265.503357 66.772072
269.348999 65.055565
273.194641 63.513866
277.040253 62.331219
280.885895 61.691845
284.731537 61.779987
288.577179 62.912392
292.422821 65.211937
296.268463 68.280586
300.114105 71.720337
303.959717 75.133186
307.805359 78.866035
311.651001 82.839325
315.496643 87.140015
319.342285 92.071434
323.187927 100.167374
327.033569 110.882698
330.879181 125.758705
334.724823 142.372269
338.570465 161.371017
342.416107 180.862457
346.261749 199.400803
350.107391 219.123596
353.953003 238.312012
357.798645 258.884613
361.644287 287.437561
365.489929 316.440521
369.335571 348.255035
373.181213 375.891083
377.026855 402.652466
380.872467 423.231384
384.718109 441.234894
388.563751 457.680511
392.409393 469.383759
396.255035 480.890381
400.100677 491.340912
403.946320 499.895142
407.791931 506.468201
411.637573 511.570587
415.483215 515.657349
419.328857 518.873230
423.174500 521.480896
427.020142 523.862427
430.865784 525.575745
434.711395 526.178711
438.557037 525.229126
442.402679 523.966492
446.248322 522.428223
450.093964 520.536743
453.939606 518.333191
457.785217 515.858765
461.630859 513.154663
465.476501 510.262054
469.322144 507.222198
473.167786 504.076233
477.013428 500.865356
480.859070 497.630768
484.704681 491.504120
488.550323 468.593262
492.395966 447.056915
496.241608 427.176605
500.087250 410.222229
503.932892 389.691559
507.778534 370.916473
511.624146 340.946503
515.469788 277.329498
519.315430 229.694107
523.161072 192.227295
527.006714 160.529007
530.852356 139.950089
534.697998 120.985130
538.543640 104.886284
542.389282 90.164757
546.234924 78.705742
550.080505 68.830536
553.926147 59.417591
557.771790 52.371956
561.617432 45.027344
565.463074 38.008862
569.308716 31.941605
573.154358 22.383945
577.000000 16.000004
