150 3.852349
7.000000 14.000000
10.852349 20.949160
14.704699 30.912064
18.557047 42.178116
22.409397 53.036724
26.261745 73.919800
30.114094 97.919785
33.966442 111.401031
37.818794 125.851128
41.671143 150.069656
45.523491 187.182083
49.375839 219.643051
53.228188 249.555161
57.080536 281.703339
60.932888 308.899231
64.785233 332.530975
68.637589 355.733948
72.489937 374.945404
76.342285 391.996582
80.194633 402.154785
84.046982 408.330261
87.899330 410.894348
91.751678 413.500427
95.604027 416.104553
99.456375 418.662720
103.308723 421.130951
107.161072 423.465240
111.013428 425.621643
114.865776 427.556122
118.718124 429.224731
122.570473 430.583466
126.422821 432.270294
130.275177 433.471161
134.127518 433.644684
137.979874 432.765808
141.832214 430.809601
145.684570 427.255005
149.536911 421.784454
153.389267 415.136505
157.241608 408.009308
161.093964 399.730164
164.946304 387.983490
168.798660 374.700043
172.651016 358.529724
176.503357 339.897827
180.355713 320.976501
184.208054 309.287415
188.060410 296.963043
191.912750 284.679840
195.765106 273.114166
199.617447 263.727448
203.469803 256.210388
207.322144 249.118057
211.174500 242.492783
215.026855 236.376846
218.879196 230.812515
222.731552 226.523499
226.583893 223.422653
230.436249 220.572250
234.288589 217.967911
238.140945 215.605270
241.993286 213.479980
245.845642 211.587662
249.697983 209.923950
253.550339 208.484497
257.402679 207.388397
261.255035 206.436615
265.107391 205.552399
268.959747 204.772430
272.812073 204.133377
276.664429 203.671921
280.516785 203.424713
284.369141 203.428452
288.221466 203.719788
292.073822 204.335403
295.926178 205.311981
299.778534 206.798233
303.630890 208.989670
307.483215 211.729218
311.335571 214.913696
315.187927 218.439972
319.040283 222.204910
322.892609 226.105347
326.744965 230.038132
330.597321 233.900131
334.449677 237.588181
338.302032 242.553909
342.154358 248.505005
346.006714 254.502640
349.859070 260.595123
353.711426 266.830811
357.563751 273.257965
361.416107 278.230255
365.268463 283.424255
369.120819 288.870758
372.973145 294.365692
376.825500 299.704895
380.677856 304.684204
384.530212 309.099548
388.382568 312.746735
392.234894 315.378601
396.087250 317.509918
399.939606 319.302704
403.791962 320.723816
407.644287 321.740234
411.496643 322.318817
415.348999 322.426514
419.201355 322.030212
423.053711 321.096863
426.906036 319.561310
430.758392 317.156921
434.610748 313.977081
438.463104 310.152710
442.315430 305.814667
446.167786 301.093903
450.020142 296.121338
453.872498 291.027893
457.724823 285.944427
461.577179 280.502167
465.429535 274.047607
469.281891 267.204498
473.134247 260.113403
476.986572 252.914993
480.838928 245.749893
484.691284 238.758743
488.543640 231.576553
492.395966 221.999390
496.248322 212.896149
500.100677 203.678650
503.953033 193.758728
507.805389 182.776245
511.657715 170.425339
515.510071 157.277969
519.362427 144.359390
523.214783 132.694839
527.067139 121.538902
530.919495 111.535042
534.771790 103.072960
538.624146 94.840057
542.476501 86.730438
546.328857 78.900970
550.181213 71.554909
554.033569 64.938087
557.885925 58.429367
561.738281 52.844128
565.590637 47.792027
569.442932 40.665024
573.295288 33.305176
577.147644 25.800161
581.000000 19.999994
